[image]

width
960

height
720

[narrow_stereo]

camera matrix
943.821400 0.000000 483.508820
0.000000 910.326512 386.970869
0.000000 0.000000 1.000000

distortion
-0.051182 0.176319 0.004546 0.003212 0.000000

rectification
1.000000 0.000000 0.000000
0.000000 1.000000 0.000000
0.000000 0.000000 1.000000

projection
951.801636 0.000000 485.423591 0.000000
0.000000 918.670715 388.533654 0.000000
0.000000 0.000000 1.000000 0.000000

**** Calibrating ****
mono pinhole calibration...
D = [-0.05118249985064489, 0.17631855839817637, 0.004546043108972925, 0.003212170348846134, 0.0]
K = [943.8213997063467, 0.0, 483.5088202567879, 0.0, 910.3265121341526, 386.9708692415323, 0.0, 0.0, 1.0]
R = [1.0, 0.0, 0.0, 0.0, 1.0, 0.0, 0.0, 0.0, 1.0]
P = [951.8016357421875, 0.0, 485.42359062249307, 0.0, 0.0, 918.6707153320312, 388.5336540746448, 0.0, 0.0, 0.0, 1.0, 0.0]
None
# oST version 5.0 parameters


[image]

width
960

height
720

[narrow_stereo]

camera matrix
943.821400 0.000000 483.508820
0.000000 910.326512 386.970869
0.000000 0.000000 1.000000

distortion
-0.051182 0.176319 0.004546 0.003212 0.000000

rectification
1.000000 0.000000 0.000000
0.000000 1.000000 0.000000
0.000000 0.000000 1.000000

projection
951.801636 0.000000 485.423591 0.000000
0.000000 918.670715 388.533654 0.000000
0.000000 0.000000 1.000000 0.000000

**** Calibrating ****
mono pinhole calibration...
D = [-0.05118249985064489, 0.17631855839817637, 0.004546043108972925, 0.003212170348846134, 0.0]
K = [943.8213997063467, 0.0, 483.5088202567879, 0.0, 910.3265121341526, 386.9708692415323, 0.0, 0.0, 1.0]
R = [1.0, 0.0, 0.0, 0.0, 1.0, 0.0, 0.0, 0.0, 1.0]
P = [951.8016357421875, 0.0, 485.42359062249307, 0.0, 0.0, 918.6707153320312, 388.5336540746448, 0.0, 0.0, 0.0, 1.0, 0.0]
None
# oST version 5.0 parameters


[image]

width
960

height
720

[narrow_stereo]

camera matrix
943.821400 0.000000 483.508820
0.000000 910.326512 386.970869
0.000000 0.000000 1.000000

distortion
-0.051182 0.176319 0.004546 0.003212 0.000000

rectification
1.000000 0.000000 0.000000
0.000000 1.000000 0.000000
0.000000 0.000000 1.000000

projection
951.801636 0.000000 485.423591 0.000000
0.000000 918.670715 388.533654 0.000000
0.000000 0.000000 1.000000 0.000000

